1.2635
1.2403
1.2472
1.2345
1.2387
1.2629
1.326
1.3495
1.4387
1.3943
1.419
1.3657
1.3768
1.357
1.3365
1.3858
1.298
1.2464
1.2346
1.2109
1.2007
1.1743
1.1618
1.1544
1.1609
1.169
1.171
1.1678
1.1611
1.1919
1.1772
1.2261
1.25
1.2442
1.2561
1.3399
1.3246
1.2542
1.2554
1.2694
1.2868
1.2479
1.3082
1.2782
1.3276
1.3062
1.2966
1.2478
1.2849
1.3217
1.3644
1.3327
1.3308
1.352
1.3879
1.3756
1.3382
1.3557
1.3635
1.4004
1.3837
1.4075
1.4515
1.4872
1.5096
1.4931
1.5402
1.4941
1.4699
1.6467
1.6574
1.6122
1.5459
1.5151
1.4802
1.4737
1.4478
1.4539
1.4534
1.488
1.4845
1.4701
1.4591
1.5243
1.5231
1.5088
1.4949
1.4972
1.488
1.5015
1.5014
1.5196
1.4753
1.4553
1.4852
1.48
1.4691
1.4479
1.404
1.3975
1.3829
1.3511
1.3672
1.358
1.3516
1.3042
1.3141
1.2944
1.3304
1.3524
1.365
1.3778
1.3602
1.3755
1.366
1.3603
1.3669
1.3895
1.373
1.3694
1.353
1.3644
1.3474
1.3304
1.3306
1.308
1.3088
1.3105
1.3496
1.3527
1.3429
1.2978
1.2991
1.2752
1.3189
1.3339
1.318
1.2995
1.3103
1.2959
1.328
1.3317
1.3325
1.3581
1.3432
1.302
1.3037
1.3037
1.3224
1.2825
1.2563
1.2268
1.2335
1.2404
1.244
1.2023
1.2043
1.2021
1.2232
1.2461
1.2819
1.3198
1.2895
1.312
1.3225
1.3289
1.2842
1.3146
1.2313
1.26
1.2326
1.2402
1.3082
1.3096
1.4179
1.5361
1.5774
1.5571
1.4909
1.533
1.4864
1.5681
1.558
1.5781
1.5073
1.5835
1.5728
1.5007
1.4466
1.475
1.4861
1.5082
1.5506
1.4969
1.623
1.8306
1.7712
1.753
1.9507
1.9496
1.9867
1.767
1.8714
1.9623
2.2068
2.1435
1.9678
2.038
1.949
1.95
2.0601
2.1262
2.1395
1.9764
1.8848
1.8377
1.8557
1.748
1.676
1.7472
1.7168
1.7035
1.6346
1.7176
1.83
1.8676
1.7957
1.7744
1.6926
1.6362
1.5013
1.5404
1.3537
1.2297
1.241
1.1884
1.1983
1.1997
1.2327
1.2435
1.2421
1.2386
1.2395
1.2429
1.2524
1.202
1.2361
1.246
1.238
1.2439
1.2056
1.1597
1.1487
1.1522
1.1367
1.1329
